---
build/images/android-icon-144x144.png: 2015-02-22 00:06:40.000000000 -05:00
build/images/android-icon-192x192.png: 2015-02-22 00:06:40.000000000 -05:00
build/images/android-icon-36x36.png: 2015-02-22 00:06:39.000000000 -05:00
build/images/android-icon-48x48.png: 2015-02-22 00:06:39.000000000 -05:00
build/images/android-icon-72x72.png: 2015-02-22 00:06:39.000000000 -05:00
build/images/android-icon-96x96.png: 2015-02-22 00:06:40.000000000 -05:00
build/images/apple-icon-114x114.png: 2015-02-22 00:06:40.000000000 -05:00
build/images/apple-icon-120x120.png: 2015-02-22 00:06:40.000000000 -05:00
build/images/apple-icon-144x144.png: 2015-02-22 00:06:40.000000000 -05:00
build/images/apple-icon-152x152.png: 2015-02-22 00:06:41.000000000 -05:00
build/images/apple-icon-180x180.png: 2015-02-22 00:06:41.000000000 -05:00
build/images/apple-icon-57x57.png: 2015-02-22 00:06:40.000000000 -05:00
build/images/apple-icon-60x60.png: 2015-02-22 00:06:40.000000000 -05:00
build/images/apple-icon-72x72.png: 2015-02-22 00:06:41.000000000 -05:00
build/images/apple-icon-76x76.png: 2015-02-22 00:06:41.000000000 -05:00
build/images/apple-icon-precomposed.png: 2015-02-22 00:06:42.000000000 -05:00
build/images/apple-icon.png: 2015-02-22 00:06:42.000000000 -05:00
build/images/background.png: 2015-02-22 00:01:17.000000000 -05:00
build/images/bubbles.png: 2015-02-21 23:43:36.000000000 -05:00
build/images/fathoms-favicon.png: 2015-02-22 00:01:17.000000000 -05:00
build/images/favicon-16x16.png: 2015-02-22 00:06:41.000000000 -05:00
build/images/favicon-32x32.png: 2015-02-22 00:06:41.000000000 -05:00
build/images/favicon-96x96.png: 2015-02-22 00:06:41.000000000 -05:00
build/images/favicon.png: 2015-02-22 00:01:18.000000000 -05:00
build/images/middleman.png: 2015-02-22 00:01:17.000000000 -05:00
build/images/ms-icon-144x144.png: 2015-02-22 00:06:42.000000000 -05:00
build/images/ms-icon-150x150.png: 2015-02-22 00:06:42.000000000 -05:00
build/images/ms-icon-310x310.png: 2015-02-22 00:06:47.000000000 -05:00
build/images/ms-icon-70x70.png: 2015-02-22 00:06:42.000000000 -05:00
build/images/timing-tracks.png: 2015-02-21 23:43:36.000000000 -05:00
