---
build/images/address.png: 2015-04-09 13:25:20.000000000 -05:00
build/images/android-icon-144x144.png: 2015-04-09 13:25:20.000000000 -05:00
build/images/android-icon-192x192.png: 2015-04-09 13:25:21.000000000 -05:00
build/images/android-icon-36x36.png: 2015-04-09 13:25:20.000000000 -05:00
build/images/android-icon-48x48.png: 2015-04-09 13:25:20.000000000 -05:00
build/images/android-icon-72x72.png: 2015-04-09 13:25:20.000000000 -05:00
build/images/android-icon-96x96.png: 2015-04-09 13:25:20.000000000 -05:00
build/images/apple-icon-114x114.png: 2015-04-09 13:25:20.000000000 -05:00
build/images/apple-icon-120x120.png: 2015-04-09 13:25:21.000000000 -05:00
build/images/apple-icon-144x144.png: 2015-04-09 13:25:21.000000000 -05:00
build/images/apple-icon-152x152.png: 2015-04-09 13:25:21.000000000 -05:00
build/images/apple-icon-180x180.png: 2015-04-09 13:25:22.000000000 -05:00
build/images/apple-icon-57x57.png: 2015-04-09 13:25:21.000000000 -05:00
build/images/apple-icon-60x60.png: 2015-04-09 13:25:21.000000000 -05:00
build/images/apple-icon-72x72.png: 2015-04-09 13:25:21.000000000 -05:00
build/images/apple-icon-76x76.png: 2015-04-09 13:25:21.000000000 -05:00
build/images/apple-icon-precomposed.png: 2015-04-09 13:25:22.000000000 -05:00
build/images/apple-icon.png: 2015-04-09 13:25:22.000000000 -05:00
build/images/background.png: 2015-04-09 13:25:22.000000000 -05:00
build/images/book.png: 2015-04-09 13:25:22.000000000 -05:00
build/images/bubbles.png: 2015-03-12 18:00:04.000000000 -05:00
build/images/calculator.png: 2015-04-09 13:25:22.000000000 -05:00
build/images/chalkboard.jpg: 2015-04-10 21:59:00.000000000 -05:00
build/images/desks.jpg: 2015-04-10 22:12:45.000000000 -05:00
build/images/fathoms-favicon.png: 2015-04-09 13:25:23.000000000 -05:00
build/images/favicon-16x16.png: 2015-04-09 13:25:22.000000000 -05:00
build/images/favicon-32x32.png: 2015-04-09 13:25:23.000000000 -05:00
build/images/favicon-96x96.png: 2015-04-09 13:25:23.000000000 -05:00
build/images/favicon.png: 2015-04-09 13:25:24.000000000 -05:00
build/images/middleman.png: 2015-04-09 13:25:23.000000000 -05:00
build/images/ms-icon-144x144.png: 2015-04-09 13:25:23.000000000 -05:00
build/images/ms-icon-150x150.png: 2015-04-09 13:25:24.000000000 -05:00
build/images/ms-icon-310x310.png: 2015-04-09 13:25:29.000000000 -05:00
build/images/ms-icon-70x70.png: 2015-04-09 13:25:24.000000000 -05:00
build/images/phone.png: 2015-04-09 13:25:25.000000000 -05:00
build/images/timing-tracks.png: 2015-03-12 18:00:04.000000000 -05:00
build/images/website.png: 2015-04-09 13:25:25.000000000 -05:00
build/images/writing.png: 2015-04-09 13:25:25.000000000 -05:00
